0.0547956394767
0.000741550747989
0.000717174512829
0.000864287232616
0.000912184397748
0.000966496361798
0.00100498515349
0.0155819740721
0.0154049256253
0.00047768868717
0.000585457310081
0.000791158525317
0.000644901112537
0.0150846133347
0.0144615225399
0.000515749827173
0.000543119636859
0.000479826954688
0.000581608428547
0.86321253982
0.822564953047
0.824512913632
0.832308604853
0.000897644187717
0.824606142041
0.831293356023
0.00104817813371
0.000421666112743
0.000372058333596
0.000475122769785
0.0153305139593
0.0150474075017
0.000339556685503
0.000428936216849
0.000514894520165
0.000464003782326
0.000423376724939
0.000403704674682
0.000416961926021
0.00046571439816
0.000488380019306
0.000326299435983
0.000308765651425
0.000368637107385
0.00043235744306
0.00046229317195
0.000431502136053
0.000426370297646
0.000561508726605
0.000496077778735
0.000286100028461
0.000268566243903
0.000330575967382
0.000332286581397
0.000336563112796
0.000410119473599
0.000473412153951
0.0151012918122
0.0150350055574
0.000738557175282
0.000372913640604
0.000441338161181
0.000525585852301
0.000496505430419
0.000447325306595
0.000418672540036
0.000441765814685
0.000457588985228
0.00061197181094
0.000633354475212
0.000348965058947
0.000414823660321
0.000377617825507
0.000439199893663
0.000452029491498
0.0150080634012
0.0148147641303
0.0146552494662
0.00077148647506
0.000507624416059
0.000422949071435
0.82568382825
0.830364065494
0.8214492057
0.000580753123359
0.823765375739
0.82388768457
0.000622235489573
0.00045117418631
0.823168799445
0.832068263722
0.832290215765
0.830414956232
0.000620952529061
0.821866595277
0.00045673367822
0.000411830085795
0.000508052069563
0.000459727250927
0.000489235326313
0.830346531711
0.824693810961
0.829380463003
0.000616248344159
0.832649016847
0.832826920601
0.000454595412521
0.000310903917125
0.000342977911714
0.000381039053536
0.000469563276056
0.000343405565218
0.000381466705221
0.000349392710632
0.000434923362263
0.0159424857702
0.0151786970528
0.000354952204361
0.000344260870406
0.000343833218722
0.000379328437702
0.000399428141463
0.000413113046307
0.000390019769839
0.00064190753983
0.0152903145517
0.015105995999
0.0146347221089
0.0151303722323
0.000400283448471
0.000375051906303
0.000333141888404
0.00029379778789
0.000352386285158
0.000347254444932
0.015020892999
0.0145718570802
0.014243847032
0.000588878534472
0.000396006915253
0.000282251150566
0.000351103324647
0.000376762518499
0.000399000489779
0.000291231868687
0.000290804215183
0.820109795697
0.822067164654
0.821303375938
0.828730857706
0.000536277184437
0.825431512829
0.824654039207
0.826581044783
0.000586312615269
0.000365643534678
0.000356662816557
0.818347864279
0.819458479787
0.822451624934
0.823438648649
0.00047341215577
0.830255441568
0.821538585229
0.000508052069563
0.000365215881175
0.000342122604707
0.828715462188
0.826885533901
0.000416534270698
0.828101352112
0.822898094933
0.0004058429422
0.000380611398214
0.820805587548
0.82259831
0.823799587999
0.000435778669271
0.821729746234
0.820067885677
0.000476833381981
0.000380611400033
0.000387026197131
0.834993839655
0.825932294791
0.820928751684
0.000484103486087
0.81998406564
0.822270727605
0.000464003784145
0.000334424847097
0.000283534109258
0.000319884637065
0.000404559981689
0.000447325308414
0.000352813936843
0.0152188964585
0.000407125900892
0.0146941659114
0.000335280152285
0.000277546963844
0.000440910507677
0.00039686222226
0.000360939347956
0.000416106619014
0.0149960891122
0.0156315818494
0.000364788227671
0.000316891064358
0.821238800296
0.821172941694
0.820272303936
0.826371494686
0.000528579425009
0.820725188734
0.822459750345
0.822555117022
0.000483248180899
0.000351530976332
0.000287810640657
0.000308337997922
0.000363077615475
0.000387881504139
0.000291231866868
0.000269849204415
0.820635381549
0.824437219004
0.821066456034
0.827051463366
0.000549106782273
0.824143421218
0.822041933112
0.827344405845
0.000561508726605
0.000274553391137
0.000297219014101
0.000306199732222
0.000372485985281
0.0155387810937
0.0148583847622
0.0148686484408
0.0147014360173
0.000277546963844
0.000300640240312
0.000255308994383
0.000258302568909
0.000206984175747
0.000198003457626
0.000173627222466
0.000180042021384
0.014626596696
0.0146261690425
0.0141476250483
0.000298501972793
0.000269849204415
0.000248038890277
0.000263434405497
0.000251460114669
0.000307910344418
0.000298074321108
0.00030705503741
0.0141189722799
0.0149400665341
0.0141792713912
0.0145603104429
0.000343833218722
0.000365643534678
0.000373768947611
0.0144914582688
0.0144084935364
0.014017190806
0.000324161170283
0.000306199732222
0.0145107026638
0.000254453687376
0.014570146468
0.0143930980175
0.0142600978561
0.000277974617347
0.0142164772242
0.0143913874053
0.000366071188182
0.000262151446805
0.000266427978204
0.000286527681965
0.000280968190054
0.000290376561679
0.000318601676554
0.014570146468
0.0144529694753
0.0148139088233
0.0145504744178
0.000299784933304
0.000285672376776
0.000283106455754
0.000388309155824
0.000365643534678
0.00036350526716
0.0146077799527
0.0147394971573
0.000565785258004
0.000353241590346
0.000301495547319
0.000384460277928
0.000407125900892
0.00039472395656
0.000319884637065
0.0143370754413
0.0143528986137
0.0142190431434
0.0141403549442
0.000302350852508
0.000265572673015
0.000240341130848
0.000278402270851
0.000321167595757
0.000313042182825
0.000292087175694
0.0144106318021
0.0139603129228
0.0147767029903
0.0142352939656
0.000295080748401
0.000309620958433
0.000231360410908
0.000295080748401
0.000317746371366
0.000298074321108
0.000164646504345
0.000153955172209
0.00026044083279
0.0144427057949
0.0144337250786
0.0143764195418
0.000327582394675
0.000291231868687
0.00024718358145
0.000281823497062
0.000292514827379
0.000306627385726
0.0142194707969
0.0145769889186
0.000266000326519
0.000248894195465
0.000319029330058
0.000229222147027
0.000308337997922
0.000191161007024
0.000172344261955
0.00017961436788
0.000194582233235
0.0142250302888
0.000326727087668
0.000371630680092
0.000260013179286
0.000305772078718
0.000331858927893
0.000300640238493
0.000288238294161
0.0143695770894
0.0143242458435
0.0140839047144
0.0143276670697
0.000410547127103
0.000333141886586
0.000271987471933
0.0140672262369
0.0144829052024
0.0149832595125
0.0003746242528
0.000313469836328
0.000298929626297
0.000327154741171
0.000204845910048
0.00024718358145
0.000244190010562
0.000266855631708
0.00020399060304
0.000183035594091
0.000189022739505
0.000250604807661
0.000212971321162
0.000225800918997
0.0162858913354
0.000395579261749
0.0144392845687
0.000267710938715
0.000193299272723
0.000183463245776
0.000234781638937
0.00032929300869
0.000258730220594
0.000175765489985
0.000177476102181
0.00026728328703
0.000185173859791
0.000190305698197
0.00041354069981
0.000368637107385
0.000221952039283
0.000254026035691
0.000236492251133
0.000188167432498
0.000243762357059
0.000245900622758
0.000260868486293
0.000343405565218
0.00028267880225
0.000172344261955
0.000159514664119
0.00015523813272
0.000263862059001
0.000165929463037
0.000173199568962
0.000245045315751
0.00028481706795
0.000289948908176
0.000271132164926
0.0145483361521
0.0145145515435
0.0002305051039
0.000242907050051
0.000209122441447
0.000195865191927
0.000225373265494
0.000280540536551
0.000169778342752
0.000183463247595
0.000186456820302
0.000177048448677
0.000254026033872
0.000213398974665
0.000229649798712
0.000213398974665
0.000173199568962
0.000173199568962
0.000153527518705
0.000165929464856
0.000268566243903
0.000200141723326
0.000152244560013
0.000186029166798
0.000166784770045
0.000147968026795
0.000184746206287
0.000192443965716
0.000216392547372
0.000159087012435
0.000149250985487
0.00013855965517
0.000142408534884
0.000151389253006
0.000159087010616
0.000138987306855
0.000164646504345
0.000192016312212
0.000243334703555
0.000158231705427
0.000209977748455
0.00015737639842
0.0129506235826
0.0132486979019
0.000380183746529
0.000279685231362
0.000265145019512
0.000274125737633
0.000278402270851
0.000300212586808
0.000302350852508
0.000226656226005
0.000240768782533
0.000207839482755
0.000183463247595
0.000165501809533
0.000159514664119
0.000160369972946
0.0128809161015
0.0130160545305
0.000313042184644
0.0002993572798
0.000264289714323
0.000309193304929
0.0136459877776
0.0135570358998
0.0138846182963
0.0003348525006
0.000236919904637
0.000238630518652
0.000174910181158
0.000202707644348
0.0133603154045
0.0128723630369
0.012896739272
0.000289948908176
0.00027498104464
0.000332286581397
0.000412257739299
0.000286527681965
0.000180469674888
0.000178331409188
0.000167640077052
0.000173627222466
0.000178759060873
0.000203562951356
0.000184318552783
0.000197148150619
0.000205273563552
0.000222379692786
0.000250604807661
0.725388875799
0.69786981636
0.694685510211
0.695230768113
0.000399428141463
0.697014937499
0.692238905925
0.000407553554396
0.000274553391137
0.000230932759223
0.000184318554602
0.000215537240365
0.000263862059001
0.000315608103847
0.00027155981843
0.000210833055462
0.000211260708966
0.000237775209825
0.000222379694605
0.000226228572501
0.000266427978204
0.000290804215183
0.000289521254672
0.00019287161922
0.000194154577912
0.0133021545607
0.0129245367334
0.012821472299
0.000313897489832
0.000281395843558
0.000204845910048
0.000213826628169
0.000304061466522
0.000279257577859
0.00029379778789
0.00031047626544
0.000312186877636
0.000221096734094
0.000230077452215
0.0128544016006
0.0125362275776
0.000327582394675
0.000369064760889
0.000377190172003
0.000266427980023
0.000177476100362
0.000159942317623
0.000153527518705
0.000157804051923
0.00016293589033
0.000161225278134
0.000211260708966
0.00019629284543
0.000185173859791
0.000211260708966
0.000241196437855
0.000263862059001
0.000249321848969
0.000153527520524
0.00018389089928
0.0128817714085
0.012601230872
0.0131050064083
0.0127402181788
0.0126636682471
0.000351530978151
0.000254453689195
0.000208267136259
0.000261296139797
0.000301923200823
0.000297219014101
0.000186029166798
0.00016507415603
0.000167640077052
0.000165929464856
0.000168923035744
0.000164218850841
0.00023606459763
0.000162508238645
0.00017405487597
0.000216392549191
0.000260868486293
0.000153099865202
0.000164646504345
0.000150961599502
0.00025274307518
0.000160797624631
0.0130194757567
0.0127060059203
0.0129698679793
0.012631166599
0.000304916771711
0.000402849369493
0.000425942644142
0.000239058172156
0.000254881342698
0.000211688362469
0.00020399060304
0.000289093601168
0.000273270432444
0.00028610003028
0.0130609581229
0.000263862059001
0.000331858927893
0.000343405565218
0.0129313791858
0.0131712926632
0.0126970252004
0.0128732183439
0.000297646667605
0.000257447261902
0.000212543667658
0.000273698084129
0.000313469838147
0.000260013181105
0.00019287161922
0.000173627220647
0.000172771915459
0.000175765488166
0.000244190010562
0.000165501809533
0.000137276694659
0.00017619314167
0.000244617662247
0.000244190008743
0.0129758551248
0.0133645919341
0.000228794491704
0.000260013179286
0.000177048448677
0.000257447260083
0.000239058170337
0.000267283285211
0.00026044083279
0.000193299272723
0.000218958468395
0.000307482692733
0.000216820202695
0.000216820202695
0.000218958468395
0.000239913477344
0.000254881340879
0.000251887768172
0.000217675507884
0.000190305698197
0.000242907050051
0.000255308994383
0.00017619314167
0.000149250987306
0.000238630516833
0.000161652931638
0.000166784770045
0.000189450393009
0.000179186714377
0.000200141723326
0.000222379694605
0.000247183583269
0.691304911212
0.69136093379
0.000331003620886
0.690133996595
0.697671385251
0.000505058495037
0.000331003620886
0.000238202863329
0.000338273726811
0.0135831227508
0.0131956689002
0.00031817402305
0.000287810642476
0.000185601513294
0.000216820200876
0.000286100028461
0.000188595086001
0.000164218850841
0.000213398974665
0.000146257414599
0.000149678638991
0.0128655205845
0.690999994442
0.69298131198
0.693486370476
0.693324289894
0.000441765814685
0.69216064538
0.691309615398
0.689317178874
0.699863963499
0.693023222
0.696500470633
0.000487952365802
0.000245472969254
0.000263434407316
0.000228794493523
0.00025830256709
0.00029165952219
0.000194582231416
0.000186456820302
0.0132204727888
0.0130057908536
0.0129061476437
0.0129147007101
0.012602086179
0.000305772078718
0.0125913948468
0.000327154741171
0.000329720660375
0.000295080746582
0.000284389416265
0.00029379778789
0.000284817069769
0.000292087175694
0.000316891064358
0.0133137011981
0.0129048646832
0.000306627385726
0.000234781638937
0.000272842778941
0.000277546963844
0.00028823829598
0.000195009884919
0.000190733351701
0.000194154577912
0.000200569378649
0.000207411829251
0.0129993760547
0.00029037655986
0.000292087173875
0.000275836351648
0.000400711101975
0.000173627222466
0.000173627222466
0.000165501811352
0.000226656226005
0.000156093439728
0.000186456820302
0.699378149398
0.690775476482
0.000392158037357
0.691109046022
0.691404982075
0.695805961745
0.000452884798506
0.000268138592219
0.000240768784352
0.000230932759223
0.000225800918997
0.000277119312159
0.000278402269032
0.691060721203
0.690075835753
0.690881534487
0.000336563112796
0.692123867198
0.000307910346237
0.000246328276262
0.000284389416265
0.000343405565218
0.00033143127439
0.691301062334
0.691760789585
0.691516599574
0.000335280152285
0.688699219918
0.690731428194
0.695137967356
0.000316463410854
0.000264717366008
0.692874398666
0.732694048735
0.690579183636
0.000339984340826
0.704986394212
0.69595008089
0.000271987471933
0.000239058172156
0.000240341130848
0.000268993899226
0.000312186877636
0.000182180287084
0.000171061303263
0.000186029166798
0.691726149671
0.692367629556
0.693000556377
0.69255066515
0.000378900784199
0.699306303652
0.691135560523
0.693632200238
0.000363932922482
0.000266000326519
0.703375852045
0.694566622606
0.688811692724
0.000314325143336
0.6906334956
0.688289955751
0.000330575967382
0.000263862059001
0.000192443965716
0.000273698085948
0.000298074319289
0.000291231868687
0.000171916608451
0.000156093437909
0.691703056395
0.693470547307
0.700620909764
0.000339556685503
0.693003122296
0.693272971501
0.694377599864
0.000878399789144
0.00029379778789
0.000269849204415
0.000288238294161
0.000333141886586
0.000310048611937
0.00033143127439
0.000340411992511
0.000366071188182
0.000237347558141
0.000351958629835
0.000209122441447
0.000343833218722
0.00024162408954
0.000242051743044
0.000298929626297
0.000257019606579
0.000281395843558
0.000292087173875
0.000321167595757
0.000198858764634
0.000202707644348
0.0126602470209
0.0131238231515
0.000338273726811
0.000193726924408
0.000241196436036
0.000266427978204
0.000236492251133
0.000179186714377
0.000183463247595
0.0129022987639
0.0129621702217
0.0127346586869
0.000230932759223
0.000148823333802
0.000159514665938
0.000251032462984
0.00019629284543
0.000180897328391
0.000231788064411
0.000199286418137
0.0128492697604
0.0133303796756
0.0124956005184
0.0125704398379
0.000258730220594
0.000276264005151
0.000328865355186
0.000156093439728
0.000277546963844
0.000167640077052
0.000168495382241
0.694775745045
0.702478635514
0.000379756093025
0.700588408115
0.000325016475472
0.000283534109258
0.000304061466522
0.000283961762761
0.000320739942254
0.000241196437855
0.000161652931638
0.000180897328391
0.000208694789762
0.000245472969254
0.700534523805
0.696414512327
0.689102496939
0.693850303398
0.00034255025821
0.699698461689
0.690132713635
0.000382322012229
0.000350675669324
0.0139154093304
0.0130904661964
0.0126033691377
0.000316035757351
0.000206556524063
0.000182180287084
0.000242907050051
0.000255308996202
0.000244617662247
0.000157804051923
0.000183463247595
0.000149250985487
0.000144546800584
0.000208694789762
0.000189878046513
0.0131045787548
0.000263006753812
0.000201424683837
0.000269849206234
0.000205701217055
0.00020399060304
0.000271132164926
0.000262579100308
0.0128984498861
0.0128531186401
0.000321595249261
0.000331003620886
0.000361794654964
0.000283106457573
0.0128227552577
0.0136096372516
0.000300212584989
0.000293370134386
0.000217675507884
0.00024162408954
0.000248894195465
0.000255308994383
0.000272842778941
0.0127239673566
0.0127654497228
0.0124750731611
0.000260013181105
0.000321167597576
0.000213826628169
0.000249321848969
0.000329720660375
0.00040455997987
0.000290376561679
0.0127714368682
0.0131661608248
0.000235209290622
0.000252315421676
0.000287382988972
0.000292514827379
0.000287810640657
0.000263434405497
0.000249321848969
0.000224517960305
0.000283106455754
0.000202707642529
0.0128120639274
0.0125554719743
0.000214254281673
0.000238202863329
0.000164646504345
0.000204845910048
0.000266855631708
0.000258730220594
0.697854420843
0.698857267733
0.692343680974
0.000327582396494
0.697298899264
0.696693769904
0.00026728328703
0.000196720498934
0.000188167432498
0.000269421550911
0.000309193304929
0.000297646667605
0.000347254444932
0.0134779200489
0.0129262473474
0.0130459902575
0.000315608103847
0.000197148152438
0.000147968026795
0.00025060480948
0.000232643371419
0.000243762357059
0.000173627222466
0.00019073335352
0.000177903753865
0.00016507415603
0.000167212423548
0.000175765488166
0.000169778344571
0.000212971321162
0.000219386120079
0.692257722671
0.692527999528
0.696885786218
0.696295624723
0.000320312290569
0.695063983343
0.691387875946
0.690565498731
0.694523429625
0.691752664174
0.000423804378443
0.000280968188235
0.000198003457626
0.000188167434317
0.000231360410908
0.000237775209825
0.692917163991
0.692299205035
0.693026215571
0.000332286581397
0.698507447367
0.691840333091
0.00035922873758
0.000354952202542
0.000279257577859
0.690982033004
0.695010526686
0.693503048953
0.000298074321108
0.692785446789
0.701223045551
0.000347254443113
0.000207411829251
0.000161652929819
0.000148823333802
0.000207411829251
0.000229649800531
0.000259585525782
0.000299784933304
0.000278829922536
0.000170633649759
0.000172344261955
0.0132097814567
0.0129253920404
0.000281395841739
0.000254881342698
0.00028481706795
0.000274553391137
0.691364355014
0.696607383947
0.695895768928
0.000311331572448
0.699669381267
0.692368484863
0.00049436716472
0.000283961762761
0.000258730220594
0.000175337836481
0.000206556524063
0.000172771915459
0.000169778344571
0.000214681935176
0.000200141723326
0.000221524387598
0.000236919904637
0.0118802074812
0.0116843422893
0.000208694787943
0.000189878046513
0.000169350689248
0.000195009884919
0.000216392549191
0.000207839482755
0.000212971321162
0.000227939184697
0.000245900622758
0.000274553389318
0.0002993572798
0.000189878046513
0.000182180287084
0.000189450393009
0.00020056937683
0.00023948582384
0.000223662653298
0.0117138503647
0.0116219049141
0.0115782842804
0.000216392547372
0.00019843111113
0.000176620795173
0.000172771915459
0.000245045315751
0.000240341130848
0.000174910182977
0.000169778342752
0.000170633649759
0.000161225278134
0.000171061303263
0.000143263840073
0.000174482529474
0.00019073335352
0.000150961599502
0.000140697922689
0.603376835648
0.577900248167
0.580718055477
0.576127625418
0.000338273726811
0.578918062918
0.583366084444
0.586862149821
0.582320044579
0.578920628839
0.576649790044
0.000400283448471
0.000230077452215
0.00022836684002
0.000268138592219
0.000301923199004
0.576654066575
0.57715356558
0.579427397948
0.5808523386
0.577040237467
0.000321167595757
0.576641664633
0.579154982823
0.575377521604
0.000364788227671
0.577298540034
0.575007173884
0.000388736809327
0.000217675506065
0.000192871617401
0.000230505105719
0.000227939184697
0.000239485825659
0.000260440834609
0.579283278801
0.575274457169
0.576749860906
0.583505071754
0.000348965058947
0.579467597356
0.578325763159
0.584173493795
0.000378900786018
0.000236492251133
0.000200141723326
0.000209122443266
0.000219813773583
0.000333569540089
0.000214254281673
0.000162935892149
0.000207839482755
0.000273270430625
0.000180469673069
0.000185173859791
0.0116745062642
0.0143956639386
0.000255308994383
0.000264289714323
0.00019629284543
0.000212971321162
0.000232215717915
0.000241196436036
0.000262151444986
0.000275836351648
0.000187739780813
0.000192016312212
0.0114311715606
0.0114046570598
0.000230932759223
0.000191588658708
0.000207839482755
0.000216820200876
0.000242051743044
0.000156521093231
0.000140270267366
0.578653345554
0.576859340141
0.580817698687
0.000309193304929
0.57664679647
0.580028250775
0.581832947519
0.000363077615475
0.00023606459763
0.000182607940587
0.00023606459763
0.000257019606579
0.0119678763986
0.000213398974665
0.011510715065
0.000235636944126
0.0003014955455
0.000241196437855
0.000373768947611
0.577388347217
0.577628260695
0.576840523396
0.577470884296
0.000271987471933
0.577492266959
0.576361551748
0.580405013292
0.00034810975194
0.000231788064411
0.000239913477344
0.000240768782533
0.000243334703555
0.00028823829598
0.000199714071641
0.000215537240365
0.000334424847097
0.000221952041102
0.000212116014154
0.000375479559807
0.000392158035538
0.000275836351648
0.000238630516833
0.000242907050051
0.000209977750274
0.000197575804123
0.000224945613809
0.000213826629988
0.000246755929766
0.000160797624631
0.000227511533012
0.000238202863329
0.000260013181105
0.000164218850841
0.000210405403777
0.000173199568962
0.00019843111113
0.000210405401958
0.0115320977293
0.011532525381
0.0112370169809
0.582078848143
0.575418148663
0.5773464372
0.577344726586
0.000324588821968
0.000229222147027
0.000151389253006
0.000214681935176
0.000262151446805
0.000235209292441
0.000241196437855
0.578823979202
0.577833961912
0.580523045594
0.000293370134386
0.000202279990845
0.000160369971127
0.000245900622758
0.000177476102181
0.000193726924408
0.000168067730556
0.0121885454773
0.000289948908176
0.0002993572798
0.000306199732222
0.000233498678426
0.000262151446805
0.0120521240897
0.000198003457626
0.000186884471987
0.000210833055462
0.000266427980023
0.00026044083279
0.000159087012435
0.000156948744916
0.000168067730556
0.000168923037563
0.0114889047509
0.011935802404
0.0110749363976
0.0111981005357
0.0113884062357
0.000240341130848
0.0111061550851
0.0112896183327
0.0110351646435
0.0115380848747
0.000325444127157
0.000286527681965
0.000310903917125
0.000250177155976
0.000251032462984
0.000190305698197
0.000248466541962
0.000161225276315
0.011708290871
0.0113789978641
0.0114350204385
0.011497030162
0.000237347556322
0.000253598380368
0.000298074321108
0.000197575805942
0.000156093439728
0.000134283121952
0.0115004513864
0.0115774289734
0.0112896183327
0.000254453687376
0.000261723793301
0.000325444128976
0.000237775209825
0.0117035866842
0.0111916857368
0.011042007096
0.0113789978623
0.00024718358145
0.000270276857918
0.0121179826911
0.000198003457626
0.011370017146
0.000221952041102
0.00029165952219
0.00027711931034
0.0116586830936
0.0112977437439
0.000198431112949
0.000175765488166
0.000171488956767
0.000219813773583
0.000260013179286
0.000236919904637
0.000198003457626
0.000115466378702
0.000112900459499
0.000125302403831
0.000126157710838
0.000120170565424
0.000126585364342
0.000280968190054
0.000286527683784
0.000182607940587
0.000151816906509
0.000191161005205
0.0117343777201
0.011361036426
0.010890617843
0.000191161005205
0.000217675507884
0.000177903755684
0.000186884473806
0.000222379692786
0.574835684927
0.579162252929
0.576334609594
0.000259585527601
0.576544159689
0.57741486172
0.000313042184644
0.000287810642476
0.000195437538423
0.00023948582384
0.000231360410908
0.000261296141616
0.000206128870559
0.000165501809533
0.000155665786224
0.0120812045116
0.011588547959
0.000251032461165
0.000251032462984
0.00019073335352
0.000212971322981
0.000231788064411
0.000227511533012
0.0115945351045
0.000177903753865
0.0112810652681
0.000257874913586
0.000379328439521
0.000451601839814
0.000286527683784
0.000194154577912
0.000180042021384
0.0115248276252
0.0115770013199
0.000289093601168
0.000312186877636
0.000330148313878
0.00026386206082
0.000276691658655
0.000297646667605
0.000234353983615
0.000256591954894
0.000269849206234
0.00027711931034
0.000243334701736
0.000306199730403
0.000243334703555
0.000251032461165
0.000268566245722
0.000157804051923
0.000259585527601
0.00011974291192
0.000142836188388
0.000181752635399
0.000234781637118
0.000154382825713
0.00013642138947
0.000141553227877
0.0118879052388
0.0121209762638
0.011557756925
0.0112032323741
0.000321167595757
0.000221952041102
0.000223234999794
0.0112806376146
0.0113636023452
0.0115812778531
0.000277974617347
0.000180897328391
0.000171488956767
0.000180042021384
0.000229649798712
0.00023606459763
0.00023948582384
0.000254881342698
0.0114221908407
0.0112442870886
0.0115462102858
0.000252315421676
0.000228794493523
0.000153955174028
0.000220669080591
0.000253170728683
0.000223234999794
0.577181363042
0.57915198925
0.000288238294161
0.58148526542
0.577638952027
0.000328010048179
0.000240768782533
0.000173199568962
0.000186456820302
0.000139842615681
0.000153955174028
0.590249163617
0.000284389416265
0.588002273404
0.000244190008743
0.000205273563552
0.000195009884919
0.000186029166798
0.000208694789762
0.00022622857432
0.000257874913586
0.000249321848969
0.000163791197338
0.000167212423548
0.0113281071244
0.0114268950292
0.000236919904637
0.000144546800584
0.000202279990845
0.00023178806623
0.000259585527601
0.000240768782533
0.0114769304582
0.000185601513294
0.000263006751993
0.000180469674888
0.0111848432844
0.0110676662916
0.0112592549522
0.000256164301391
0.0002305051039
0.000283534109258
0.000288665947664
0.0113272518192
0.000167212423548
0.000226656226005
0.000159942317623
0.0119293876051
0.0112746504692
0.0110706598643
0.000326299434164
0.000191161005205
0.000224517960305
0.000229222145208
0.000169778342752
0.000207839482755
0.000200569378649
0.000203562951356
0.000212116015973
0.575926200734
0.578426261674
0.000308765651425
0.578440801884
0.577804026183
0.57878420745
0.000355379857865
0.000283106455754
0.000245900622758
0.000242907050051
0.000304489118207
0.000271987471933
0.000201852337341
0.000184746208106
0.0120405774524
0.0116441428818
0.0118096446931
0.000265145019512
0.000257874915405
0.000295080746582
0.581163670173
0.582954682011
0.579805871081
0.000287810642476
0.577897682249
0.576474879861
0.575900113885
0.580689830362
0.00032373351678
0.000246328276262
0.000159942319442
0.000181324980076
0.000185601513294
0.000202279990845
0.000221096732275
0.00023178806623
0.000225373267313
0.000121025870612
0.00013300016326
0.0115252552769
0.0112823482268
0.000230077452215
0.000250604807661
0.000283961762761
0.000386170890124
0.000175337834662
0.000178331407369
0.000164646502526
0.000161652931638
0.000164218850841
0.000156521091412
0.582302083141
0.000285244723273
0.579760112183
0.00034597148624
0.000274125737633
0.000197148152438
0.000215964895688
0.000253598382187
0.000266427978204
0.000160797624631
0.000143691493577
0.000140697922689
0.000142408534884
0.000214681935176
0.000167212423548
0.000178331407369
0.000180042021384
0.000217247856199
0.607077319281
0.584404426552
0.580990042949
0.000303633813019
0.582628382577
0.000287382988972
0.000183890901098
0.0002660003247
0.00027498104464
0.000245900622758
0.00025274307518
0.0120807768581
0.011710856792
0.000245900622758
0.000330148313878
0.000350675671143
0.000253598382187
0.000198858764634
0.000172771915459
0.000224945613809
0.000267283285211
0.000226656226005
0.578537879173
0.579178503753
0.578140161646
0.000260013179286
0.577370813435
0.581686690104
0.000304489118207
0.00027711931034
0.000231788064411
0.57831421652
0.581498522672
0.582980341207
0.57911777699
0.000271132164926
0.578719204153
0.579096821979
0.000307055039229
0.00025274307518
0.000185601513294
0.000237775211644
0.000307482690914
0.000239913477344
0.581056756859
0.576494979565
0.587968061145
0.00029165952219
0.579570234135
0.000305772078718
0.000255736647887
0.000205273563552
0.000237347558141
0.000250604807661
0.579586912612
0.579533455955
0.581139293936
0.000293370134386
0.580807862661
0.000315180450343
0.000264289714323
0.000251032462984
0.000261723793301
0.00018517386161
0.000222807348109
0.0120598218473
0.0118032298942
0.0118045128547
0.01117244134
0.011156190516
0.000223234999794
0.000210405401958
0.0111121422306
0.0114055123649
0.010970161351
0.000251887768172
0.000204418256544
0.000144974454088
0.000172344261955
0.000199286418137
0.000201424683837
0.000215537240365
0.000231360412727
0.0113648853057
0.0112797823076
0.00026728328703
0.000204418256544
0.000178331407369
0.000205701215236
0.000185173859791
0.00017619314167
0.0123027288992
0.000181752635399
0.0112780716954
0.000241196436036
0.000256164299572
0.58300685571
0.579330320659
0.000268138592219
0.579886697546
0.000295508400086
0.000165501811352
0.000218958466576
0.000227083879508
0.000236064599449
0.000192016312212
0.000196720498934
0.00020399060304
0.0118643843107
0.00018731212549
0.000190305700016
0.000195009886738
0.000195009884919
0.000299784933304
0.000232215717915
0.000268993899226
0.000292942480883
0.000277974617347
0.000276264003332
0.00018389089928
0.000180042021384
0.000184318554602
0.000202279990845
0.000201424683837
0.000213398976484
0.000218530814891
0.000221524387598
0.000212543669477
0.000198003457626
0.000218958466576
0.0115872649985
0.00020056937683
0.000257019606579
0.000194154577912
0.0116124965425
0.0116146348082
0.0117108567902
0.000254453689195
0.000239913477344
0.000180897326572
0.000201424683837
0.00023948582384
0.000223234999794
0.000161225278134
0.000161652931638
0.000151389253006
0.000144974454088
0.0115817055066
0.0113131392609
0.000240341130848
0.000235636944126
0.000197148150619
0.000240341129029
0.000218530814891
0.000159087012435
0.000144974454088
0.000132144856252
0.00011974291192
0.000122736484627
0.0115320977293
0.000224517960305
0.000163363543834
0.000210405401958
0.000237347558141
0.000206128870559
0.000244617664066
0.000236492251133
0.0116351621655
0.0115115703738
0.00020056937683
0.000159514664119
0.000193726926227
0.000233071024923
0.00023606459763
0.000168067730556
0.000154810479216
0.000164218849022
0.575819287418
0.579647211722
0.000310903918944
0.581455329693
0.000236492251133
0.000194582231416
0.000189022739505
0.000217675507884
0.000233926330111
0.000211260708966
0.000173199568962
0.000162080583323
0.0123993785328
0.0113071521155
0.000212116015973
0.000197575804123
0.000157804051923
0.000166357116541
0.000203135297852
0.00018731212549
0.000212543667658
0.0110864830349
0.000221952039283
0.011194251656
0.000229222147027
0.000195437538423
0.000253598380368
0.000289521256491
0.576896118318
0.582929022816
0.579851202327
0.580704370574
0.000298501972793
0.577765537391
0.579719485124
0.57948170991
0.000271132164926
0.000193726926227
0.000189022739505
0.000242479396547
0.000254453687376
0.0119405065889
0.000210833055462
0.0114871941369
0.000199286418137
0.000200997032152
0.000191161005205
0.000259157874098
0.000224517960305
0.583095379934
0.583672711829
0.581250483783
0.000288665949483
0.579616420688
0.581739291456
0.000381039051717
0.000281395841739
0.000217675507884
0.000257874913586
0.000238630518652
0.000328865355186
0.000266427980023
0.0116757892229
0.011499596083
0.00025830256709
0.000205701217055
0.000218958468395
0.000216392547372
0.000251887768172
0.000135138428959
0.000114611073514
0.579782777804
0.579685700515
0.579629250286
0.000313042182825
0.575868895196
0.578437808312
0.578400174825
0.000345116179233
0.0002993572798
0.000260868486293
0.000253170726864
0.000292087175694
0.000255736647887
0.582836649713
0.582009995967
0.590181594403
0.580283987421
0.000289948908176
0.587444185905
0.579772514126
0.000297646667605
0.000259157874098
0.000244190010562
0.0118686608421
0.0116715126915
0.0117664517147
0.000205273563552
0.000160369971127
0.00022494561199
0.000201852337341
0.000147112719787
0.000129578937049
0.000193299272723
0.00026044083279
0.000276691656836
0.00025830256709
0.000287382988972
0.000286100028461
0.000168495384059
0.00014967864081
0.000154810479216
0.000177048448677
0.000192871617401
0.000201852337341
0.000203990604859
0.000249321848969
0.0115376572212
0.0114884770956
0.0113067244638
0.000332286579578
0.000238630516833
0.000245045315751
0.000272415123618
0.00027925757604
0.57743838265
0.582567655814
0.581283840736
0.00028267880225
0.580224971272
0.579398317526
0.579769092901
0.000392158035538
0.000257019608398
0.581043071952
0.58475852345
0.583189891304
0.000272415123618
0.581115773006
0.582668581983
0.000300640240312
0.000238630516833
0.000212116015973
0.000244190010562
0.000246755929766
0.000245472969254
0.000180897326572
0.000188595086001
0.0117908279481
0.0113285347798
0.012065381341
0.011535091302
0.0114777857652
0.0112062259468
0.0113871232752
0.000260868486293
0.00019073335352
0.00014069792087
0.000206128870559
0.000242051744863
0.000236919904637
0.000135993734148
0.000111617500806
0.0114944642428
0.000240768784352
0.0113905444996
0.000218958466576
0.00023392633193
0.000218103159568
0.000301067893815
0.000261296139797
0.000160369971127
0.000207411829251
0.000203562949537
0.000292942480883
0.0114465670777
0.000182180287084
0.0112947501711
0.000200569378649
0.000191161007024
0.000191588658708
0.000195009886738
0.000189022739505
0.000170205996255
0.000222379694605
0.000314752796839
0.000155665786224
0.000180469673069
0.000140270269185
0.000142408534884
0.000262151446805
0.000310903917125
0.000304489118207
0.000321595249261
0.000347254444932
0.0122655230643
0.0113533386666
0.000266427980023
0.000238202865148
0.000238202865148
0.000215964893869
0.000232215719734
0.000244190008743
0.011897741264
0.0116809210631
0.0116150624617
0.000289521256491
0.000204418258363
0.000239058172156
0.000258730220594
0.011723686388
0.0115308147706
0.000233498678426
0.000219813773583
0.000162935892149
0.00016293589033
0.000212543669477
0.00021510958868
0.000214254281673
0.000227511531193
0.0113413643776
0.011418341961
0.0113080074225
0.0114709433128
0.000248466543781
0.000229649798712
0.000260013179286
0.000147540373291
0.000204845910048
0.000144546800584
0.000151389253006
0.000141553227877
0.000142836188388
0.0114461394242
0.000215964893869
0.000211688362469
0.0115620334564
0.000249749502473
0.0116693744239
0.0113961039933
0.0112126407457
0.000228366838201
0.000183463247595
0.000184746208106
0.000245472969254
0.00014754037511
0.000125730057334
0.000127868324853
0.000117604646221
0.000152672211698
0.000159087012435
0.000141980881381
0.000156948744916
0.580896386886
0.580280566197
0.000342977911714
0.581642641819
0.582715196188
0.000381894358725
0.000235636944126
0.000193299270904
0.000222379692786
0.000254453687376
0.580835232471
0.579146857412
0.578448927296
0.58369238388
0.000283106455754
0.578269740581
0.000316463410854
0.000246328276262
0.000169778342752
0.000169778342752
0.000235209290622
0.00020955009677
0.000222379694605
0.000260013181105
0.000304061466522
0.000178759060873
0.000175337834662
0.012040149797
0.0114230461477
0.000307482690914
0.000245045315751
0.000211688362469
0.000174482527655
0.000167212423548
0.000147540373291
0.000155238130901
0.00020399060304
0.000226228572501
0.000222807348109
0.000232643371419
0.000147112719787
0.000150106294313
0.0115598951907
0.0116013775569
0.0115278211961
0.000236919904637
0.000224090304982
0.00032587178066
0.000348965057128
0.000234781638937
0.000171916608451
0.000134710775455
0.000116321685709
0.000248038888458
0.000165501811352
0.000159087012435
0.000162508236826
0.000160369971127
0.000163363543834
0.000168923037563
0.000174482529474
0.000249321848969
0.000159514665938
0.000277974617347
0.000245045315751
0.000252315421676
0.00016293589033
0.000156948746735
0.000163363543834
0.000166784770045
0.000173199570781
0.000158231705427
0.000175337834662
0.000250177155976
0.000227511533012
0.000155665786224
0.000155665786224
0.000157804051923
0.00014411914708
0.000267710938715
0.000232643371419
0.00021510958868
0.000197148150619
0.000231360412727
0.00786753696957
0.00798556926929
0.00780638255492
0.000203135296033
0.000221952041102
0.000232215717915
0.000244617662247
0.000177903753865
0.000190733351701
0.000184746206287
0.000149678638991
0.000184746208106
0.000158231705427
0.000153955172209
0.000152672211698
0.000147968026795
0.00774864936284
0.00778927642205
0.00778542754415
0.000259157874098
0.000208267136259
0.000224945613809
0.000174910182977
0.000148395680299
0.000118459953228
0.000107340967588
0.000183463247595
0.000150961599502
0.000174910182977
0.000216820202695
0.000211260708966
0.000219813773583
0.00797915447038
0.00763275533063
0.000200141725145
0.000193726926227
0.000177048448677
0.000161652929819
0.000184746208106
0.000218958466576
0.000211688362469
0.000188167432498
0.000222807348109
0.00788507075231
0.00753653334868
0.00777644682603
0.000257874913586
0.000217675507884
0.00025060480948
0.000257019608398
0.00773924099121
0.00811557585985
0.00754765233251
0.00750360404709
0.00752712497706
0.000182607940587
0.000125302403831
0.000190733351701
0.000231360412727
0.000228366838201
0.328063932451
0.311687378626
0.318074807674
0.000298074321108
0.31187939494
0.309355385416
0.00025274307518
0.000183035594091
0.000159942317623
0.000205701217055
0.000194582233235
0.000195437538423
0.000233071024923
0.000215537242184
0.000133855468448
0.000141980881381
0.00782348868415
0.00764045309006
0.000289948908176
0.000170205996255
0.000264289712504
0.000251887768172
0.000257447260083
0.000193726924408
0.000194582231416
0.000270704511422
0.000207839482755
0.000212543669477
0.000216820202695
0.000221952041102
0.0002305051039
0.000224517960305
0.000203562951356
0.000218530813072
0.30800998827
0.314087368704
0.309245906183
0.000280112883047
0.309776623875
0.000273698084129
0.000342122604707
0.000216392547372
0.309905347505
0.311332854077
0.313111463973
0.31234297107
0.000277546963844
0.310500213185
0.310464290311
0.311741690592
0.000276691656836
0.000315180450343
0.000271987471933
0.000189022739505
0.00018175263358
0.000220241427087
0.00017063364794
0.000210833055462
0.000181752635399
0.00818271741991
0.000212543667658
0.000177476102181
0.000202279989026
0.000247611236773
0.000234781638937
0.000209977750274
0.00023178806623
0.000143263840073
0.000179186716196
0.00788891963202
0.00781707388524
0.000203562949537
0.0078038166339
0.000251887768172
0.00771657537007
0.00778157866444
0.000266427980023
0.00028610003028
0.000200141725145
0.000271987471933
0.000164218850841
0.308530442284
0.310318460552
0.000274125737633
0.310935991853
0.310907339086
0.000280540536551
0.000312186877636
0.00018175263358
0.000145402107592
0.000167640077052
0.00023178806623
0.00809804207529
0.000166784770045
0.00751557833792
0.000201852337341
0.000186029166798
0.000192016312212
0.000238630516833
0.00021510958868
0.000202707644348
0.00813610321347
0.00764301900927
0.0077268390487
0.000224945613809
0.000210833055462
0.000264289714323
0.000177903755684
0.000167640077052
0.000171061303263
0.000153527518705
0.00018517386161
0.00012530240565
0.000129578937049
0.000192443965716
0.000168495384059
0.000173199568962
0.00777302559982
0.000196292843611
0.00758400286031
0.000251887769991
0.000224090306801
0.000221096734094
0.000231360410908
0.000258730220594
0.000193726926227
0.00019629284543
0.00805527674856
0.000311759224132
0.00775805773446
0.000237347558141
0.000233071024923
0.000263006753812
0.000173199568962
0.000183890901098
0.000203135297852
0.000214681935176
0.000193726926227
0.000195009884919
0.000186884473806
0.00781151439151
0.000190305700016
0.00778072335925
0.000188595086001
0.000201424683837
0.000260013179286
0.000289093601168
0.000284389414446
0.309893373214
0.313866271972
0.308130158834
0.000294225441394
0.309430652389
0.310665287341
0.312477681846
0.0078748070755
0.000320739944073
0.00788678136632
0.000292514827379
0.000166784770045
0.000160369971127
0.000202279990845
0.000222379692786
0.308693378174
0.316089641256
0.310065717476
0.310277833492
0.310715750427
0.000310903917125
0.312711608178
0.311436773818
0.000254026035691
0.000215109586861
0.000194582233235
0.000227511533012
0.000248038890277
0.000195009884919
0.000190305700016
0.000200141725145
0.000325871782479
0.000207839482755
0.0082879201218
0.00784658196062
0.00791971066792
0.000235636944126
0.000318601676554
0.000311331570629
0.000276264003332
0.00771743067708
0.00771956894278
0.000318601676554
0.000243334703555
0.000223662653298
0.000193299272723
0.000261723793301
0.000246328276262
0.0077294049679
0.00017405487597
0.00806767869472
0.000234353985434
0.000146685068103
0.000202707644348
0.000251887768172
0.000242907050051
0.00779868479549
0.000168495384059
0.00788720901983
0.00017961436788
0.000159942319442
0.000144974454088
0.000150106292494
0.000199286416319
0.000214254283492
0.000201852337341
0.00790474280257
0.00773197088711
0.000261296139797
0.00023606459763
0.000211260708966
0.000233498678426
0.000244617664066
0.000264717366008
0.00782648225686
0.00830673686505
0.312836482928
0.310051604918
0.311869558913
0.000301923199004
0.312104768205
0.314484230928
0.311704057103
0.000365215881175
0.000199714069822
0.000187312127309
0.000207839482755
0.000216392547372
0.000242907050051
0.000177903755684
0.000156093439728
0.000174910182977
0.000174910182977
0.000169350689248
0.000173199568962
0.000230505105719
0.000153955172209
0.00019073335352
0.000195865191927
0.000223662653298
0.000212971322981
0.000219386121898
0.000129151283545
0.000128295978357
0.00797359497665
0.00774993232335
0.000243334703555
0.00805356613637
0.00788977493903
0.000266855631708
0.000224090306801
0.000178759060873
0.000191588658708
0.000226228572501
0.000208267136259
0.000163363543834
0.000128723630041
0.000122308831124
0.000124874750327
0.000170633649759
0.000155665784405
0.000128295976538
0.000153527518705
0.000170633649759
0.000174482529474
0.000206984175747
0.000210405401958
0.000186456818483
0.000133427816763
0.00790688107008
0.00766525698054
0.000194582231416
0.000215964895688
0.000325016473653
0.00025060480948
0.000160797624631
0.000190733351701
0.00764130839707
0.00804886195147
0.00757245622299
0.000195437538423
0.000172344261955
0.000170205996255
0.00017405487597
0.000223662653298
0.000160797624631
0.000129151283545
0.000112472805995
0.000179186716196
0.000116749339213
0.000118032297905
0.00786326043635
0.00768407372198
0.00796290364633
0.00780296132689
0.00770374577223
0.00768279076328
0.000245472971073
0.00019287161922
0.000180469673069
0.000202279990845
0.00020056937683
0.000212971321162
0.000156521093231
0.000155665784405
0.000156948744916
0.000238630518652
0.000151389253006
0.000149250985487
0.00798727988149
0.00760752378847
0.00802918990121
0.000226656226005
0.000206984175747
0.000280540536551
0.000166784770045
0.000153527518705
0.000208694787943
0.00018731212549
0.000135138428959
0.000127013017845
0.000153099865202
0.000148395680299
0.00931599855176
0.00759640480464
0.000201424683837
0.00027498104464
0.000199714071641
0.000231360412727
0.000235209290622
0.000197575804123
0.000245472969254
0.000194582233235
0.000198858764634
0.000278402269032
0.000212543669477
0.000219386121898
0.000212116015973
0.000201852337341
0.000158231705427
0.000153955172209
0.000169350689248
0.000184746206287
0.000183035594091
0.000162508236826
0.00020399060304
0.000194582231416
0.000272842777122
0.000174910181158
0.000150961599502
0.000146257414599
0.000235636944126
0.000156948744916
0.000151389253006
0.000176620795173
0.000180042021384
0.000203135296033
0.000213398976484
0.000146257414599
0.000158659358931
0.00796119303232
0.0078748070755
0.00834565331024
0.000246328276262
0.000208267136259
0.00022280734629
0.000267283285211
0.000315180450343
0.000259585525782
0.000151389253006
0.000134283123771
0.000134710775455
0.000136849042974
0.000194582233235
0.000142836188388
0.000179186714377
0.000195865191927
0.000237347556322
0.000185173859791
0.000117604646221
0.000111189847303
0.00792441485282
0.00774522813845
0.000215109586861
0.000234353985434
0.000285672374957
0.00020955009677
0.00019073335352
0.000181324980076
0.00014411914708
0.000215537242184
0.000227939184697
0.000275836351648
0.000170633649759
0.000142408534884
0.000113328113002
0.000103919741377
0.000152672213517
0.000198003457626
0.000215537242184
0.00786582635556
0.00020056937683
0.00793809975585
0.000218103161387
0.000213826628169
0.000356662816557
0.000173199568962
0.000166357116541
0.000164646502526
0.000221096734094
0.000131717202748
0.000124019443319
0.330478890393
0.311869558915
0.312404980792
0.314855006302
0.311013824747
0.000348537403625
0.000384032624424
0.000198003459445
0.000186029166798
0.000256164301391
0.000211688362469
0.000245472969254
0.0080663957342
0.00831785584887
0.00025274307518
0.000200997030333
0.000143691493577
0.000166784770045
0.000211688362469
0.000143263840073
0.000170633649759
0.000144974454088
0.000148823333802
0.000197575804123
0.000195009884919
0.309491806805
0.309052179256
0.310821380781
0.311294792937
0.00792355954582
0.000252315421676
0.00787053054228
0.00023392633193
0.000270276857918
0.000225800918997
0.000261723793301
0.000157804051923
0.00015523813272
0.00779355295526
0.0075399545749
0.000205701217055
0.000160369971127
0.000197148150619
0.000208267136259
0.000206556522244
0.000185601513294
0.00756646907575
0.00772127955497
0.000242907050051
0.000233926330111
0.00778671050466
0.000159942317623
0.00775164293736
0.00753824396088
0.000175765488166
0.000146257414599
0.000142408534884
0.000165501809533
0.000229222147027
0.00018389089928
0.0079150064812
0.000226656226005
0.00752926324276
0.000194154577912
0.000159942317623
0.000238202863329
0.000194582233235
0.000225800918997
0.000139414962177
0.000110334540295
0.000109906886792
0.00011418342001
0.0078444436931
0.00800096478633
0.00792142128012
0.000222379692786
0.00017619314167
0.000158659357112
0.000225373265494
0.000217675507884
0.308411982331
0.308455175311
0.309836067678
0.000264289714323
0.30948966854
0.308800719142
0.000258730220594
0.000249321848969
0.000277974617347
0.000234781637118
0.00015523813272
0.000195865191927
0.00770246281354
0.00793852741117
0.00779184234307
0.000275408698144
0.000282678804069
0.000258730220594
0.000223235001613
0.000157804051923
0.000158659358931
0.000208694789762
0.000160369971127
0.00803346643261
0.00779013172905
0.00782263337715
0.00751857191244
0.000284389416265
0.000215964893869
0.309399006048
0.318056846238
0.311837057267
0.308779764131
0.000262579100308
0.311225513109
0.313841895735
0.000332714233082
0.000283534109258
0.000217247856199
0.309032507206
0.308507776661
0.312233919489
0.311811398073
0.00025274307518
0.310244904191
0.310564788826
0.000286527681965
0.000250177155976
0.000229649798712
0.311755375495
0.313275682824
0.312048745629
0.310890232955
0.000297219012282
0.309710337619
0.309260018739
0.000253170728683
0.000218530814891
0.000180042021384
0.000263434405497
0.000231360412727
0.000253170728683
0.00026942155273
0.000293370134386
0.000179186716196
0.000183890901098
0.0102055173265
0.00770545638443
0.00025830256709
0.000246755927947
0.000168495382241
0.000194582231416
0.000180897326572
0.000153099867021
0.000150106292494
0.000230077452215
0.00782819287087
0.000300640240312
0.000170633649759
0.000190305700016
0.000235209292441
0.000218103161387
0.000244617664066
0.000266855633527
0.00026386206082
0.00018945039119
0.000192443965716
0.00788934728553
0.00786069451897
0.000327582394675
0.000253598380368
0.000197148150619
0.000154810479216
0.000178331409188
0.000187739780813
0.000193726926227
0.000198858764634
0.00764301901108
0.000246755929766
0.000186456820302
0.000235209290622
0.000266855631708
0.000245472969254
0.000187312127309
0.000184746208106
0.000196720497115
0.000186884471987
0.000189022739505
0.000182607940587
0.0080685339999
0.000162935892149
0.000146685068103
0.000172344261955
0.000183890901098
0.000226656226005
0.000135566082463
0.000135566082463
0.000140270267366
0.000127868323034
0.000122308831124
0.000256164301391
0.000243334703555
0.000254453689195
0.000232215717915
0.31323591107
0.31206585176
0.312854016713
0.309973344374
0.000289093602987
0.310611403032
0.30838546783
0.000313042184644
0.000268993897407
0.00023606459763
0.00803988123153
0.000366071188182
0.000173627222466
0.000146685066284
0.00015737639842
0.000147968026795
0.000154382825713
0.000147540373291
0.000142836186569
0.000220241427087
0.000174482529474
0.000223662653298
0.000145829761095
0.000181752635399
0.000182180288903
0.000198858764634
0.000148395680299
0.000127440671349
0.00013086189756
0.000128295976538
0.00787352411498
0.00775292589788
0.00834907453645
0.00778927642386
0.000220669080591
0.000267710938715
0.000226228572501
0.00770289046704
0.00823873999616
0.000261723793301
0.00018175263358
0.000143263840073
0.000152244560013
0.000209550094951
0.000183890901098
0.000157804051923
0.00773966864654
0.000165074157849
0.00766867820494
0.000189450393009
0.000214681935176
0.000243334703555
0.000274125737633
0.307069151104
0.308851182226
0.309069285388
0.000252315421676
0.309606845531
0.000275836351648
0.000221952041102
0.309020960569
0.000301067893815
0.000256164301391
0.000200141725145
0.00021724785438
0.000285244723273
0.000185601513294
0.000174910182977
0.000168067730556
0.000226656227824
0.000152244560013
0.00793809975585
0.000244617664066
0.000222379694605
0.00783204174877
0.00783204174877
0.00817758558151
0.000247183583269
0.000171488956767
0.000177903755684
0.000194154577912
0.000242479396547
0.000225373265494
0.000201424683837
0.00762676818522
0.00773026027309
0.00754380345461
0.00743689014053
0.0074343242195
0.00775078763036
0.000232215717915
0.000210405401958
0.000167212423548
0.000171061303263
0.000200141723326
0.000212543669477
0.000168495382241
0.00014967864081
0.00021168836065
0.000207839484574
0.000199286416319
0.000226228572501
0.000199714071641
0.00788592605932
0.00785085849202
0.000232215717915
0.000186456818483
0.000275408696325
0.000257019606579
0.000225373265494
0.000140270269185
0.000136849041155
0.000211260708966
0.000148395680299
0.000151816906509
0.000171061301444
0.00015523813272
0.000159942317623
0.000225800920816
0.000186456820302
0.000229222145208
0.000245900622758
0.000208694789762
0.000195009884919
0.000198003457626
0.000201852337341
0.000210833055462
0.000210833055462
0.330268912645
0.310450177754
0.000324161168464
0.309575626843
0.318422062117
0.312459720408
0.00032587178066
0.000251032461165
0.000183035594091
0.000171061303263
0.000196720498934
0.000180897326572
0.000200141725145
0.000201852337341
0.000220241427087
0.00802705163369
0.0077713149858
0.00774052395354
0.000178759062692
0.000157804051923
0.000190733351701
0.000243762357059
0.000220669080591
0.000161652929819
0.000135138428959
0.000124019445138
0.00011204515431
0.000117176992717
0.000120170563605
0.000123164138131
0.00793168495875
0.000214254281673
0.000239058170337
0.000203135296033
0.000154382825713
0.000137704348163
0.000152244558194
0.308025383785
0.000281823497062
0.313330422439
0.311554806118
0.311698497611
0.000255736647887
0.000194582231416
0.000272842777122
0.000308765651425
0.000239913475525
0.000165929464856
0.000169778342752
0.000148395680299
0.000142408533065
0.000150106292494
0.000208267136259
0.000243334703555
0.000244617662247
0.310920168684
0.31113784419
0.311554378464
0.000269849206234
0.310186315695
0.31213812516
0.310792300359
0.000273270432444
0.000231360410908
0.000151389253006
0.000163363543834
0.000245045315751
0.00023606459763
0.000132572509756
0.000128723630041
0.310074270541
0.30933742398
0.308072853297
0.309443481987
0.000311759224132
0.319204667579
0.309945974564
0.000331858926074
0.000287810642476
0.000260440834609
0.000251887768172
0.00017619314167
0.000175765488166
0.000186029166798
0.000240341129029
0.000284389416265
0.00802705163369
0.0077306879266
0.000195009884919
0.00793767210416
0.000283961762761
0.000286100028461
0.000200569378649
0.000156093439728
0.000156948744916
0.00016507415603
0.00018175263358
0.000200141725145
0.000197148150619
0.000209977750274
0.0080287622477
0.00763788717086
0.000188595086001
0.000147540373291
0.000242051744863
0.000296363707093
0.00026728328703
0.000177903753865
0.000171061303263
0.000183463247595
0.000184318554602
0.00771956894278
0.00787352411498
0.000226228572501
0.000140697922689
0.000168923037563
0.000182180288903
0.000183890901098
0.000209977748455
0.000203135296033
0.308270429105
0.311376047055
0.000279257577859
0.549772210494
0.331719940146
0.000259157874098
0.000290376561679
0.344726586305
0.314328565142
0.000238202865148
0.312811679039
0.321365171832
0.000368637107385
0.000264717366008
0.000229649798712
0.000272842778941
0.000234353985434
0.00023948582384
0.000177903753865
0.000138987308674
0.00017405487597
0.000175765488166
0.000288238294161
0.000161652929819
0.00013855965517
0.00807708706634
0.0078799389139
0.00806682338589
0.000200997030333
0.000181752635399
0.000129578937049
0.000150533947817
0.00017961436788
0.000208267136259
0.00019629284543
0.00803175582041
0.00813995209501
0.00013300016326
0.000148823333802
0.000139842613862
0.000257874913586
0.00019843111113
0.000219813775402
0.000257019608398
0.000287810642476
0.00795392292639
0.00802961755471
0.00797744385818
0.000186029166798
0.000214254281673
0.000222379694605
0.314370047508
0.318702602655
0.337280715448
0.310278688798
0.000260013179286
0.311837057267
0.313836763895
0.000304489120026
0.000270704511422
0.000158231703608
0.000169778344571
0.000178759060873
0.000190305698197
0.314457288772
0.313237621684
0.326233576512
0.00027925757604
0.321931384746
0.353459693468
0.000297646665786
0.00021510958868
0.000188595086001
0.000237775209825
0.000258730220594
0.000212116015973
0.000202279990845
0.000223662653298
0.00825969500693
0.00809162727637
0.00849319368535
0.000240768784352
0.000209122443266
0.000188167432498
0.00021724785438
0.000133427816763
0.000117176992717
0.000105202701889
0.00029379778789
0.000307482692733
0.319125979378
0.315922856484
0.324088040121
0.000245900622758
0.31813852801
0.314289648695
0.000302350852508
0.000207411829251
0.000184746206287
0.000273698085948
0.000199286418137
0.000241196437855
0.000246328276262
0.00814294566771
0.000183890901098
0.00020399060304
0.000209122441447
0.000185173859791
0.000211688362469
0.000276691656836
0.0110881936489
0.000177476100362
0.00023948582384
0.000150533945998
0.00785641798393
0.00784786491931
0.00791329586718
0.00792826373254
0.000173199568962
0.00018175263358
0.000176620795173
0.000183035594091
0.000209122441447
0.00801593264987
0.000160797624631
0.00787437942199
0.000186029166798
0.000157804051923
0.000204418258363
0.00019287161922
0.000196720498934
0.00013300016326
0.000118032297905
0.00011974291192
0.000121881179439
0.000127013016026
0.000130006588734
0.00014411914708
0.000127868323034
0.000236492251133
0.000233071024923
0.000150533947817
0.000213398974665
0.00023948582384
0.000221524387598
0.000211688362469
0.00814893281313
0.00795905476662
0.000195437538423
0.000199286418137
0.000165929464856
0.000189878044694
0.00795007404849
0.00874721971923
0.000246328274443
0.00019287161922
0.000139414962177
0.000130006590553
0.000200569378649
0.000185601513294
0.00017961436788
0.000205701217055
0.0083674636262
0.00843203926888
0.000175337834662
0.000183463247595
0.000206984175747
0.000216820200876
0.316176027212
0.327420314299
0.323609068473
0.000249321848969
0.315096630391
0.31923887984
0.322571154018
0.000286527681965
0.000213398974665
0.000159942319442
0.00017191661027
0.000221096734094
0.000190733351701
0.000200569378649
0.000222807348109
0.000255736647887
0.000189022739505
0.000185601515113
0.00815962414345
0.00811472055102
0.000257874913586
0.00020056937683
0.000230932757404
0.00023392633193
0.000288665949483
0.000141125574373
0.000139414960358
0.000136849041155
0.000141125574373
0.000181324981895
0.000238202865148
0.000172771915459
0.00020955009677
0.000243762357059
0.000162080583323
0.000140270269185
0.000199714071641
0.00014754037511
0.000140270269185
0.000156948744916
0.000158231705427
0.000146685066284
0.000155238130901
0.000170633649759
0.00838371445207
0.0082541355132
0.00840894599241
0.000309193304929
0.000227083879508
0.328381678823
0.316018650812
0.311564642141
0.325084899863
0.324667510284
0.000424659683631
0.00023392633193
0.000202279990845
0.000301923200823
0.00030705503741
0.00022622857432
0.000166784770045
0.00839910996729
0.00824729306078
0.000229222147027
0.000236064599449
0.000286100028461
0.000176620795173
0.00016507415603
0.000132572509756
0.000159514665938
0.000234781638937
0.000192443965716
0.000212116015973
0.000209977750274
0.317058275881
0.312184311711
0.313622509615
0.317971743238
0.318275804704
0.000283961762761
0.000197575804123
0.000204418256544
0.000202707642529
0.000195865191927
0.000125302403831
0.000164646502526
0.000180469674888
0.000199714071641
0.000139414962177
0.00011974291192
0.000118032299724
0.000112900459499
0.000118032299724
0.000120170565424
0.000156521091412
0.000169778342752
0.000199714071641
0.000200997030333
0.000147112721606
0.000126585364342
0.00802277510047
0.00795520588872
0.000162935892149
0.000185601515113
0.00017405487597
0.000122308831124
0.00014411914708
0.000130861895741
0.000118459951409
0.000107768621092
0.413837063254
0.397315534976
0.000280112883047
0.409896238491
0.000302778506011
0.000288238294161
0.000237347558141
0.000230932759223
0.000250177155976
0.00914450959499
0.00908720405823
0.00911756743881
0.000188167432498
0.00013300016326
0.000160369971127
0.000211260708966
0.000197575804123
0.000223662653298
0.000239913477344
0.000269849204415
0.00984757154947
0.0093741593937
0.00927579914423
0.000287382988972
0.000220669080591
0.000276264005151
0.000292087175694
0.000249321848969
0.409830379889
0.397994648349
0.394611055777
0.000266855633527
0.412800859411
0.389118704998
0.000307910344418
0.000211688362469
0.000201424683837
0.000189878046513
0.000261723793301
0.000267710938715
0.000129151283545
0.000135566082463
0.000137276694659
0.000138132001666
0.000186456820302
0.000157804051923
0.000254453687376
0.00028610003028
0.000148823331983
0.000129578937049
0.000130006588734
0.000134283121952
0.000135993734148
0.000141125574373
0.000147112721606
0.000151389253006
0.00936304040988
0.00923987627175
0.00961834940426
0.000260868486293
0.00912056101151
0.00924714637586
0.00936517867558
0.00950288302374
0.000303633813019
0.000170633649759
0.000167640077052
0.000170633649759
0.000217675507884
0.393269507511
0.394873634878
0.398321803088
0.000275408696325
0.391966448036
0.398081034304
0.403985215171
0.000371630680092
0.00023392633193
0.000167212423548
0.000183035592272
0.000227939184697
0.000212543669477
0.00925398882828
0.000208267136259
0.00920609166496
0.000240768784352
0.00020955009677
0.000199286418137
0.000200569378649
0.000215964895688
0.000232643371419
0.000127868323034
0.000135993735967
0.000152244560013
0.000149678638991
0.009296754155
0.00928991170258
0.000171488956767
0.000146685068103
0.000123591791635
0.000228366838201
0.000182607940587
0.000194154577912
0.00924458045665
0.000191588658708
0.00923004024662
0.000172344261955
0.000167640077052
0.000169350689248
0.000188167434317
0.00026044083279
0.000138987308674
0.000135566082463
0.000122736484627
0.000124019445138
0.000138987308674
0.000135138428959
0.000120170565424
0.000142836186569
0.000167640075233
0.000242907050051
0.000125730057334
0.00901065412472
0.00926852904013
0.000245472969254
0.000169778342752
0.000186884473806
0.000239058170337
0.00021724785438
0.00923559973853
0.00914707551419
0.00908763171174
0.00922234248719
0.0100276135709
0.000300640240312
0.000239913477344
0.000171488956767
0.00017405487597
0.000257447260083
0.000213398976484
0.00922875728611
0.000182607940587
0.01128662476
0.00021510958868
0.000168923035744
0.00015737639842
0.000180897328391
0.000194154579731
0.000220669080591
0.389079360897
0.401745167412
0.40550167362
0.397593937245
0.000287810640657
0.387961047631
0.000296791360597
0.00023178806623
0.000188167432498
0.000209550094951
0.0130896108913
0.000256164301391
0.00919197910662
0.00920309809044
0.000193726926227
0.000209122443266
0.000133855470267
0.000187739778994
0.000188167432498
0.000196720497115
0.00927750975825
0.000211260708966
0.00925954832019
0.000201424683837
0.000145402107592
0.000153099865202
0.000141980881381
0.000149250987306
0.000128295976538
0.000136849042974
0.000139414962177
0.00923987627175
0.000245900622758
0.000131717202748
0.000162080583323
0.000189878046513
0.000210405403777
0.400059358271
0.392737934513
0.390887478869
0.391660675958
0.000286955335469
0.389338518773
0.389971445591
0.389496322823
0.000326727087668
0.000254026033872
0.000332714234901
0.000322022902765
0.000283961762761
0.00024504531757
0.000262579100308
0.000287810640657
0.000238202863329
0.000142408534884
0.00013855965517
0.00933994713341
0.00906838731498
0.0091872749199
0.000261296139797
0.000263434407316
0.000324588821968
0.000212116015973
0.000195865190108
0.00017619314167
0.000225800918997
0.000215537242184
0.000219813773583
0.00929547119449
0.000242051744863
0.000268566245722
0.000231360412727
0.000340839646015
0.00910259957709
0.00914450959681
0.00920566400964
0.000183035594091
0.000180042021384
0.000193299272723
0.00929076700959
0.00923004024662
0.000187739778994
0.000186456820302
0.00019287161922
0.000198003457626
0.000266427978204
0.000172344261955
0.000266855631708
0.000141125574373
0.00949988945104
0.00920010451773
0.00973509874348
0.000219386121898
0.000182607940587
0.000126157710838
0.000187739778994
0.000210833055462
0.000223235001613
0.000232643371419
0.00017405487597
0.000171488954948
0.00910003365607
0.00909661242986
0.0127089994912
0.000337846071488
0.00029593605359
0.000393868651372
0.00017191661027
0.000176620795173
0.000182607940587
0.00976460681886
0.00939725267017
0.00928991170258
0.00927836506344
0.000212543667658
0.00023606459763
0.000262151446805
0.000257019608398
0.000214254281673
0.390565883619
0.396857945991
0.397185100732
0.000254026035691
0.40072222082
0.388619633646
0.000304061466522
0.000218958468395
0.00027925757604
0.000235636944126
0.000240341130848
0.000308337997922
0.000195865191927
0.00014069792087
0.000136849042974
0.00026728328703
0.000230932759223
0.00919924921072
0.00967308902182
0.000202707644348
0.000157804051923
0.000173627222466
0.000186456820302
0.000175765488166
0.000193299272723
0.000209122443266
0.00919026849442
0.00935363203826
0.00942205655883
0.000236919904637
0.000266000326519
0.000251460114669
0.000127868323034
0.000145402107592
0.000138987308674
0.000184746206287
0.000170205996255
0.000182180287084
0.392440287846
0.403634539502
0.406225262932
0.000274553391137
0.399695425351
0.400698272237
0.000294653094898
0.000256164301391
0.000167640077052
0.000193726926227
0.000225800918997
0.407446640635
0.399433273904
0.390523545946
0.40369740453
0.000365215882994
0.391267662613
0.397556731412
0.391380990728
0.000310048611937
0.000325444127157
0.000161652931638
0.000221524387598
0.000228794491704
0.000320312290569
0.000162080585142
0.000141125574373
0.421140525577
0.406751704091
0.396000928862
0.389779001625
0.000306199732222
0.390960179922
0.406591761774
0.000353241590346
0.00028481706795
0.000205701217055
0.00025274307518
0.000238630516833
0.000273270430625
0.400533198082
0.394625595987
0.396145475665
0.000287810642476
0.39403885572
0.399151022755
0.000308765653244
0.000333569541908
0.000178331409188
0.000223234999794
0.000255736647887
0.000285672376776
0.397852239812
0.394650399878
0.389505303541
0.000285672374957
0.406001600279
0.399057366691
0.411453751653
0.000266000326519
0.000235636945945
0.401543315073
0.390932810114
0.000236919904637
0.399336196613
0.000259157874098
0.000174482529474
0.000173199568962
0.000248038890277
0.000255736647887
0.000202279990845
0.000221524385779
0.000237775211644
0.000166784770045
0.000187739778994
0.0112665250563
0.00963802145452
0.000190305700016
0.000185601513294
0.000182180287084
0.000242479396547
0.000206128870559
0.000112472805995
0.000106058007077
0.000115894032206
0.000213826628169
0.000127013017845
0.000202707644348
0.000200997030333
0.00020741183107
0.00916503695044
0.00920095982474
0.000279685229543
0.00019073335352
0.000159514664119
0.000163363543834
0.00019287161922
0.000217675507884
0.000142408533065
0.000135138428959
0.000138987308674
0.00014411914708
0.000154382825713
0.000168495384059
0.000131717202748
0.000130006590553
0.00011974291192
0.000102636782685
0.00013300016326
0.000151389253006
0.000169778342752
0.000190305698197
0.000218103159568
0.00927280557335
0.00918813022872
0.000188595086001
0.000227939186516
0.000125730057334
0.000120170565424
0.000160369971127
0.000168495384059
0.000192016314031
0.000206984175747
0.00905299179794
0.0090414451588
0.000301067891996
0.000244617664066
0.000256591953075
0.000339129032
0.000268138592219
0.000180042021384
0.000160369971127
0.00926681842611
0.00904443873333
0.00912868642445
0.000207411829251
0.000168067730556
0.000159087010616
0.000211260708966
0.000204845910048
0.000199286418137
0.422993974793
0.388568742908
0.39944182697
0.000295936055409
0.397240695655
0.394080765738
0.000306627385726
0.000247611234954
0.000255736647887
0.00023606459763
0.000366498841686
0.000224090306801
0.00956959693212
0.00932882814959
0.000216820202695
0.00027498104464
0.000294653093079
0.000204418256544
0.000159942319442
0.000205701215236
0.000227939186516
0.000192443965716
0.000245900622758
0.00937244878151
0.00910730376017
0.000168923037563
0.000154810479216
0.000171061303263
0.000189022739505
0.000148823333802
0.000120598218928
0.000118887604913
0.000114611073514
0.00917786654827
0.00914151602228
0.00922918493961
0.00940623338829
0.00948919812072
0.000220669080591
0.000138987308674
0.000127013017845
0.000157804051923
0.000197575804123
0.00020056937683
0.000213398974665
0.000236492251133
0.00911500152142
0.00935234907774
0.00962348124267
0.000231360412727
0.00014754037511
0.000164218850841
0.00019843111113
0.000224517960305
0.000123164138131
0.000104775048385
0.000117604646221
0.000113328113002
0.00924714637586
0.00929461588748
0.00941692472043
0.00939169317644
0.000306199732222
0.00918941318741
0.00954094416375
0.00930573487312
0.00931514324475
0.000234353985434
0.000159087012435
0.000168067728737
0.00020741183107
0.00019843111113
0.000236919904637
0.00912612050342
0.0108435759867
0.00923816565773
0.00926553546742
0.000226228572501
0.000164646504345
0.000135138428959
0.000163363545653
0.000206128870559
0.000208694789762
0.000231360412727
0.000249749502473
0.000165074157849
0.000177903755684
0.000255308994383
0.000308337997922
0.00919668329334
0.00920951288936
0.00912954173145
0.000165501811352
0.000159087012435
0.000207411829251
0.000248894195465
0.000248894195465
0.391859962376
0.403890703801
0.392227744176
0.000288665947664
0.388404951711
0.404436389357
0.000304061464703
0.000251032461165
0.000276264005151
0.00027925757604
0.000257874915405
0.000227083879508
0.00950245537206
0.0101901218077
0.000362222310287
0.000378045480829
0.000331858927893
0.000210405401958
0.000268566245722
0.000200569378649
0.00023392633193
0.000271132164926
0.000230932757404
0.414756090102
0.436989355283
0.436155003779
0.000298929626297
0.412875271079
0.391444283408
0.00032587178066
0.000245900622758
0.0002660003247
0.413751104948
0.396119388814
0.405671451963
0.389777718667
0.000265145019512
0.388100034939
0.390117703006
0.000340839646015
0.000254453687376
0.000200997030333
0.000186029166798
0.00026728328703
0.000316463409035
0.00930744548532
0.000209977750274
0.00917658358958
0.0091526350061
0.000171488954948
0.000177476102181
0.000167640075233
0.000162508238645
0.00019629284543
0.000245900622758
0.000212971321162
0.000220669080591
0.000142408534884
0.000151389253006
0.0091838536955
0.00914921377989
0.000180042021384
0.00015737639842
0.000210833055462
0.000196292843611
0.000145402107592
0.000131717202748
0.401475318205
0.39155205203
0.394738496449
0.000289521254672
0.391132524184
0.39285340089
0.396491874802
0.000338701380315
0.000239913475525
0.000227511533012
0.000198858764634
0.000245045315751
0.000218103161387
0.000244617664066
0.00026942155273
0.000370775373085
0.000221524387598
0.00019287161922
0.00937544235239
0.0091872749199
0.000246328276262
0.000184746206287
0.000172344261955
0.000278402269032
0.000216392549191
0.00021724785438
0.00923688269722
0.000216392547372
0.00914365428798
0.000204418256544
0.000172344263774
0.00920994054286
0.000161652931638
0.00932113039016
0.000183463247595
0.000118459951409
0.000173627222466
0.000188167432498
0.000214254281673
0.00916332633824
0.000157804051923
0.00982789950103
0.000293370134386
0.000268993899226
0.000184746206287
0.000221524387598
0.000280968190054
0.000269849204415
0.00960680276512
0.000221096734094
0.00924073157876
0.000225800918997
0.000210405401958
0.00021510958868
0.000242479396547
0.010816206177
0.00896660584112
0.00915819449983
0.00917487297556
0.000229649798712
0.000192016312212
0.000125730057334
0.000188167434317
0.000195009884919
0.000224517960305
0.000156521091412
0.000166784770045
0.000240768784352
0.0002660003247
0.000268566245722
0.000148395680299
0.000134710775455
0.000142836188388
0.00018175263358
0.000199286418137
0.000215964893869
0.00916247103123
0.00948406628049
0.000233498678426
0.000172344261955
0.000189450393009
0.000215537242184
0.000234353985434
0.000265145019512
0.0002993572798
0.000182607940587
0.000151389253006
0.00015523813272
0.000143263841892
0.000201424683837
0.000231788064411
0.000166784770045
0.000141980881381
0.00923089555363
0.009183426042
0.000168923035744
0.000126157710838
0.000158231705427
0.000185173859791
0.000223234999794
0.000165929464856
0.000155665786224
0.00015737639842
0.000186029166798
0.000170205996255
0.000144119148899
0.000135993735967
0.000135993735967
0.000174054874151
0.000171061303263
0.000174482527655
0.00018731212549
0.00949903414585
0.00944686044932
0.000267710938715
0.000170633649759
0.000222807348109
0.398173835063
0.397115393251
0.392272220115
0.389197393197
0.391426749626
0.000385315583117
0.392014772853
0.397758583749
0.396853241804
0.00033143127439
0.000260868486293
0.00017961436788
0.000266855631708
0.000215964895688
0.000211688362469
0.00943531381017
0.0101251185133
0.0106092220012
0.000298074319289
0.000295508401905
0.000248466541962
0.000257019606579
0.000236919904637
0.401932479537
0.410020257934
0.3904910443
0.000285672374957
0.389692188015
0.401115661818
0.000275408698144
0.000236492251133
0.000171061303263
0.000162080585142
0.000194154577912
0.000245472969254
0.00013855965517
0.000156948744916
0.000146685066284
0.000147968026795